0.005000 -7.892200 
0.010000 -7.211875 
0.015000 -6.335917 
0.020000 -6.021568 
0.025000 -5.645706 
0.030000 -5.304070 
0.035000 -5.022048 
0.040000 -4.733646 
0.045000 -4.544824 
0.050000 -4.548144 
0.055000 -4.338867 
0.060000 -4.117890 
0.065000 -3.899681 
0.070000 -3.779801 
0.075000 -3.648351 
0.080000 -3.517123 
0.085000 -3.453814 
0.090000 -3.331119 
0.095000 -3.183668 
0.100000 -3.144762 
0.105000 -3.110102 
0.110000 -2.969943 
0.115000 -2.876572 
0.120000 -2.830881 
0.125000 -2.783133 
0.130000 -2.703726 
0.135000 -2.627091 
0.140000 -2.527952 
0.145000 -2.463032 
0.150000 -2.431294 
0.155000 -2.426887 
0.160000 -2.366839 
0.165000 -2.273450 
0.170000 -2.196841 
0.175000 -2.155807 
0.180000 -2.064789 
0.185000 -2.023379 
0.190000 -1.998547 
0.195000 -1.941966 
0.200000 -1.865787 
0.205000 -1.835534 
0.210000 -1.777627 
0.215000 -1.707329 
0.220000 -1.675638 
0.225000 -1.676869 
0.230000 -1.625990 
0.235000 -1.609547 
0.240000 -1.580155 
0.245000 -1.533191 
0.250000 -1.484601 
0.255000 -1.451261 
0.260000 -1.430212 
0.265000 -1.401076 
0.270000 -1.352453 
0.275000 -1.349562 
0.280000 -1.336742 
0.285000 -1.309330 
0.290000 -1.308321 
0.295000 -1.349531 
0.300000 -1.463941 
0.305000 -1.782691 
0.310000 -1.808884 
0.315000 -1.431338 
0.320000 -1.124523 
0.325000 -0.948528 
0.330000 -0.734725 
0.335000 -0.599435 
0.340000 -0.496361 
0.345000 -0.675115 
0.350000 -0.553518 
0.355000 -0.394328 
0.360000 -0.422759 
0.365000 -0.497334 
0.370000 -0.585245 
0.375000 -0.818912 
0.380000 -1.059823 
0.385000 -1.299148 
0.390000 -1.160637 
0.395000 -1.142548 
0.400000 -1.083825 
0.405000 -0.943991 
0.410000 -0.885270 
0.415000 -0.843848 
0.420000 -0.832684 
0.425000 -0.822585 
0.430000 -0.811720 
0.435000 -0.840402 
0.440000 -0.850016 
0.445000 -0.903631 
0.450000 -0.924643 
0.455000 -0.962024 
0.460000 -0.984176 
0.465000 -0.981352 
0.470000 -0.967475 
0.475000 -0.971157 
0.480000 -0.975137 
0.485000 -0.930662 
0.490000 -0.943167 
0.495000 -0.915338 
0.500000 -0.901586 
0.505000 -0.882863 
0.510000 -0.855460 
0.515000 -0.834724 
0.520000 -0.837064 
0.525000 -0.830597 
0.530000 -0.802961 
0.535000 -0.788410 
0.540000 -0.768555 
0.545000 -0.730446 
0.550000 -0.694780 
0.555000 -0.678533 
0.560000 -0.662421 
0.565000 -0.640178 
0.570000 -0.617620 
0.575000 -0.609135 
0.580000 -0.617247 
0.585000 -0.598380 
0.590000 -0.610821 
0.595000 -0.604433 
0.600000 -0.611905 
0.605000 -0.605883 
0.610000 -0.633371 
0.615000 -0.646439 
0.620000 -0.678376 
0.625000 -0.683688 
0.630000 -0.640815 
0.635000 -0.613546 
0.640000 -0.628429 
0.645000 -0.471588 
0.650000 -0.314273 
0.655000 -0.167083 
0.660000 -0.060265 
0.665000 -0.048997 
0.670000 -0.025549 
0.675000 0.061808 
0.680000 0.100500 
0.685000 0.111102 
0.690000 0.108306 
0.695000 0.052284 
0.700000 0.088877 
0.705000 0.077428 
0.710000 0.026370 
0.715000 -0.044115 
0.720000 -0.117716 
0.725000 -0.147324 
0.730000 -0.223651 
0.735000 -0.300825 
0.740000 -0.324422 
0.745000 -0.308597 
0.750000 -0.312989 
0.755000 -0.320848 
0.760000 -0.338452 
0.765000 -0.355993 
0.770000 -0.350458 
0.775000 -0.350182 
0.780000 -0.342501 
0.785000 -0.328252 
0.790000 -0.314691 
0.795000 -0.311792 
0.800000 -0.305160 
0.805000 -0.295761 
0.810000 -0.299333 
0.815000 -0.293673 
0.820000 -0.287365 
0.825000 -0.288888 
0.830000 -0.283395 
0.835000 -0.271761 
0.840000 -0.264476 
0.845000 -0.255436 
0.850000 -0.239153 
0.855000 -0.226636 
0.860000 -0.219380 
0.865000 -0.205575 
0.870000 -0.193719 
0.875000 -0.179347 
0.880000 -0.169560 
0.885000 -0.160978 
0.890000 -0.161394 
0.895000 -0.155901 
0.900000 -0.153664 
0.905000 -0.154993 
0.910000 -0.173249 
0.915000 -0.174378 
0.920000 -0.190455 
0.925000 -0.193818 
0.930000 -0.193021 
0.935000 -0.175392 
0.940000 -0.160411 
0.945000 -0.120362 
0.950000 -0.063461 
0.955000 -0.008046 
0.960000 0.032530 
0.965000 0.071085 
0.970000 0.081378 
0.975000 0.101184 
0.980000 0.105308 
0.985000 0.093304 
0.990000 0.089561 
0.995000 0.108763 
1.000000 0.123959 
1.005000 0.156603 
1.010000 0.175848 
1.015000 0.195596 
1.020000 0.231309 
1.025000 0.251918 
1.030000 0.260452 
1.035000 0.288685 
1.040000 0.321108 
1.045000 0.343354 
1.050000 0.367338 
1.055000 0.375522 
1.060000 0.381732 
1.065000 0.381198 
1.070000 0.377173 
1.075000 0.362024 
1.080000 0.340467 
1.085000 0.309591 
1.090000 0.296433 
1.095000 0.275483 
1.100000 0.272502 
1.105000 0.260266 
1.110000 0.256614 
1.115000 0.248637 
1.120000 0.248815 
1.125000 0.251071 
1.130000 0.252283 
1.135000 0.254922 
1.140000 0.242205 
1.145000 0.244439 
1.150000 0.245241 
1.155000 0.249083 
1.160000 0.258040 
1.165000 0.263025 
1.170000 0.264029 
1.175000 0.263374 
1.180000 0.266399 
1.185000 0.260173 
1.190000 0.271017 
1.195000 0.269696 
1.200000 0.260237 
1.205000 0.263270 
1.210000 0.273718 
1.215000 0.279306 
1.220000 0.284465 
1.225000 0.294519 
1.230000 0.302729 
1.235000 0.310648 
1.240000 0.310384 
1.245000 0.321200 
1.250000 0.343041 
1.255000 0.354254 
1.260000 0.367095 
1.265000 0.383753 
1.270000 0.394829 
1.275000 0.393048 
1.280000 0.410547 
1.285000 0.410852 
1.290000 0.414837 
1.295000 0.440884 
1.300000 0.443703 
1.305000 0.453622 
1.310000 0.461859 
1.315000 0.473625 
1.320000 0.485669 
1.325000 0.494671 
1.330000 0.505434 
1.335000 0.508317 
1.340000 0.523398 
1.345000 0.533560 
1.350000 0.541596 
1.355000 0.551376 
1.360000 0.549582 
1.365000 0.551448 
1.370000 0.556850 
1.375000 0.562507 
1.380000 0.559338 
1.385000 0.564825 
1.390000 0.571914 
1.395000 0.591283 
1.400000 0.605480 
1.405000 0.612014 
1.410000 0.614794 
1.415000 0.609898 
1.420000 0.602954 
1.425000 0.595264 
1.430000 0.594966 
1.435000 0.586226 
1.440000 0.597137 
1.445000 0.607827 
1.450000 0.612849 
1.455000 0.632357 
1.460000 0.627869 
1.465000 0.641049 
1.470000 0.635120 
1.475000 0.629726 
1.480000 0.634326 
1.485000 0.627468 
1.490000 0.623589 
1.495000 0.625893 
1.500000 0.624839 
1.505000 0.614542 
1.510000 0.615074 
1.515000 0.614985 
1.520000 0.608800 
1.525000 0.631512 
1.530000 0.628920 
1.535000 0.636967 
1.540000 0.628810 
1.545000 0.622668 
1.550000 0.626080 
1.555000 0.626023 
1.560000 0.627444 
1.565000 0.638503 
1.570000 0.646512 
1.575000 0.661691 
1.580000 0.677967 
1.585000 0.686647 
1.590000 0.692268 
1.595000 0.698593 
1.600000 0.709909 
1.605000 0.713088 
1.610000 0.719231 
1.615000 0.722085 
1.620000 0.725155 
1.625000 0.726142 
1.630000 0.724338 
1.635000 0.730652 
1.640000 0.720587 
1.645000 0.715187 
1.650000 0.717330 
1.655000 0.715281 
1.660000 0.717786 
1.665000 0.710678 
1.670000 0.713491 
1.675000 0.716189 
1.680000 0.717946 
1.685000 0.722609 
1.690000 0.723661 
1.695000 0.723817 
1.700000 0.717908 
1.705000 0.729278 
1.710000 0.727101 
1.715000 0.725734 
1.720000 0.732862 
1.725000 0.739409 
1.730000 0.738573 
1.735000 0.745332 
1.740000 0.748014 
1.745000 0.743777 
1.750000 0.744226 
1.755000 0.742680 
1.760000 0.751806 
1.765000 0.750591 
1.770000 0.752073 
1.775000 0.753794 
1.780000 0.755725 
1.785000 0.759948 
1.790000 0.763897 
1.795000 0.759451 
1.800000 0.762001 
1.805000 0.761235 
1.810000 0.761906 
1.815000 0.757604 
1.820000 0.771281 
1.825000 0.765868 
1.830000 0.773470 
1.835000 0.781689 
1.840000 0.784631 
1.845000 0.783466 
1.850000 0.781063 
1.855000 0.781733 
1.860000 0.786997 
1.865000 0.796508 
1.870000 0.787102 
1.875000 0.790378 
1.880000 0.776765 
1.885000 0.776480 
1.890000 0.780625 
1.895000 0.781450 
1.900000 0.781768 
1.905000 0.782571 
1.910000 0.783932 
1.915000 0.781432 
1.920000 0.785151 
1.925000 0.786582 
1.930000 0.780470 
1.935000 0.777618 
1.940000 0.784479 
1.945000 0.784524 
1.950000 0.787147 
1.955000 0.796124 
1.960000 0.793843 
1.965000 0.788788 
1.970000 0.787884 
1.975000 0.789458 
1.980000 0.794944 
1.985000 0.798130 
1.990000 0.784856 
1.995000 0.786118 
2.000000 0.795250 
2.005000 0.788283 
2.010000 0.797556 
2.015000 0.808972 
2.020000 0.819414 
2.025000 0.813179 
2.030000 0.815668 
2.035000 0.820422 
2.040000 0.816131 
2.045000 0.820580 
2.050000 0.820628 
2.055000 0.835473 
2.060000 0.832180 
2.065000 0.825367 
2.070000 0.832014 
2.075000 0.832017 
2.080000 0.832120 
2.085000 0.826296 
2.090000 0.817163 
2.095000 0.812659 
2.100000 0.815132 
2.105000 0.813280 
2.110000 0.808677 
2.115000 0.804611 
2.120000 0.802954 
2.125000 0.804024 
2.130000 0.804469 
2.135000 0.799925 
2.140000 0.806521 
2.145000 0.806241 
2.150000 0.805054 
2.155000 0.804896 
2.160000 0.807208 
2.165000 0.806098 
2.170000 0.800739 
2.175000 0.798782 
2.180000 0.801977 
2.185000 0.802361 
2.190000 0.806082 
2.195000 0.803995 
2.200000 0.800112 
2.205000 0.797469 
2.210000 0.803172 
2.215000 0.792900 
2.220000 0.791846 
2.225000 0.787922 
2.230000 0.792699 
2.235000 0.802060 
2.240000 0.798392 
2.245000 0.797467 
2.250000 0.802566 
2.255000 0.808012 
2.260000 0.807082 
2.265000 0.812735 
2.270000 0.815268 
2.275000 0.819923 
2.280000 0.822762 
2.285000 0.825206 
2.290000 0.823046 
2.295000 0.824887 
2.300000 0.825945 
2.305000 0.830617 
2.310000 0.831141 
2.315000 0.830510 
2.320000 0.821517 
2.325000 0.810261 
2.330000 0.813462 
2.335000 0.824261 
2.340000 0.825716 
2.345000 0.825620 
2.350000 0.824134 
2.355000 0.825132 
2.360000 0.825525 
2.365000 0.821849 
2.370000 0.832158 
2.375000 0.832992 
2.380000 0.835367 
2.385000 0.843950 
2.390000 0.846414 
2.395000 0.850151 
2.400000 0.850115 
2.405000 0.850093 
2.410000 0.853980 
2.415000 0.850469 
2.420000 0.844852 
2.425000 0.841619 
2.430000 0.850520 
2.435000 0.838319 
2.440000 0.847476 
2.445000 0.840649 
2.450000 0.835187 
2.455000 0.830773 
2.460000 0.843830 
2.465000 0.839929 
2.470000 0.843987 
2.475000 0.847713 
2.480000 0.846841 
2.485000 0.842974 
2.490000 0.840411 
2.495000 0.843628 
2.500000 0.842895 
2.505000 0.840428 
2.510000 0.841384 
