0.085316  8.000000 
0.194068  17.000000 
0.302819  24.000000 
0.411570  26.000000 
0.520322  26.000000 
0.629073  50.000000 
0.737824  49.000000 
0.846576  51.000000 
0.955327  73.000000 
1.064078  73.000000 
1.172830  54.000000 
1.281581  67.000000 
1.390333  54.000000 
1.499084  61.000000 
1.607835  56.000000 
1.716587  39.000000 
1.825338  42.000000 
1.934089  24.000000 
2.042841  25.000000 
2.151592  22.000000 
2.260344  15.000000 
2.369095  15.000000 
2.477846  10.000000 
2.586598  7.000000 
2.695349  2.000000 
2.804100  1.000000 
2.912852  1.000000 
3.021603  5.000000 
3.130354  1.000000 
3.239106  1.000000 
