0.005000 -7.879216 
0.010000 -7.220311 
0.015000 -6.290907 
0.020000 -6.041554 
0.025000 -5.603370 
0.030000 -5.268895 
0.035000 -4.967679 
0.040000 -4.671161 
0.045000 -4.484328 
0.050000 -4.537288 
0.055000 -4.308408 
0.060000 -4.065767 
0.065000 -3.934428 
0.070000 -3.777871 
0.075000 -3.694561 
0.080000 -3.541287 
0.085000 -3.415713 
0.090000 -3.196912 
0.095000 -3.192384 
0.100000 -3.144986 
0.105000 -3.090682 
0.110000 -3.007614 
0.115000 -2.896492 
0.120000 -2.798121 
0.125000 -2.761829 
0.130000 -2.666903 
0.135000 -2.623699 
0.140000 -2.544387 
0.145000 -2.489778 
0.150000 -2.397821 
0.155000 -2.352269 
0.160000 -2.307540 
0.165000 -2.242296 
0.170000 -2.182194 
0.175000 -2.134737 
0.180000 -2.055300 
0.185000 -1.980254 
0.190000 -1.904458 
0.195000 -1.891262 
0.200000 -1.850653 
0.205000 -1.789901 
0.210000 -1.741561 
0.215000 -1.703597 
0.220000 -1.676380 
0.225000 -1.634717 
0.230000 -1.569145 
0.235000 -1.523587 
0.240000 -1.529912 
0.245000 -1.496843 
0.250000 -1.450148 
0.255000 -1.429293 
0.260000 -1.393291 
0.265000 -1.389936 
0.270000 -1.352348 
0.275000 -1.307590 
0.280000 -1.275416 
0.285000 -1.285074 
0.290000 -1.275094 
0.295000 -1.321832 
0.300000 -1.435994 
0.305000 -1.729851 
0.310000 -1.761851 
0.315000 -1.389493 
0.320000 -1.080569 
0.325000 -0.889781 
0.330000 -0.709028 
0.335000 -0.582683 
0.340000 -0.530331 
0.345000 -0.704125 
0.350000 -0.503071 
0.355000 -0.400599 
0.360000 -0.438634 
0.365000 -0.456037 
0.370000 -0.562863 
0.375000 -0.785344 
0.380000 -1.026343 
0.385000 -1.259932 
0.390000 -1.145158 
0.395000 -1.102199 
0.400000 -1.042560 
0.405000 -0.934259 
0.410000 -0.865109 
0.415000 -0.836793 
0.420000 -0.788268 
0.425000 -0.783497 
0.430000 -0.777516 
0.435000 -0.804082 
0.440000 -0.815727 
0.445000 -0.870679 
0.450000 -0.886968 
0.455000 -0.921191 
0.460000 -0.915455 
0.465000 -0.934922 
0.470000 -0.920946 
0.475000 -0.932994 
0.480000 -0.921775 
0.485000 -0.914467 
0.490000 -0.890331 
0.495000 -0.880636 
0.500000 -0.877989 
0.505000 -0.861865 
0.510000 -0.839513 
0.515000 -0.833560 
0.520000 -0.829886 
0.525000 -0.812053 
0.530000 -0.806965 
0.535000 -0.786267 
0.540000 -0.766010 
0.545000 -0.746054 
0.550000 -0.716859 
0.555000 -0.703358 
0.560000 -0.677782 
0.565000 -0.662129 
0.570000 -0.635069 
0.575000 -0.613530 
0.580000 -0.601773 
0.585000 -0.594384 
0.590000 -0.573669 
0.595000 -0.555701 
0.600000 -0.566966 
0.605000 -0.547568 
0.610000 -0.574091 
0.615000 -0.616804 
0.620000 -0.638291 
0.625000 -0.633248 
0.630000 -0.619844 
0.635000 -0.615271 
0.640000 -0.581720 
0.645000 -0.443734 
0.650000 -0.296013 
0.655000 -0.159297 
0.660000 -0.028719 
0.665000 0.054240 
0.670000 0.092225 
0.675000 0.091408 
0.680000 0.169514 
0.685000 0.183259 
0.690000 0.154861 
0.695000 0.123885 
0.700000 0.096518 
0.705000 0.102525 
0.710000 0.057268 
0.715000 -0.018956 
0.720000 -0.076172 
0.725000 -0.116917 
0.730000 -0.162829 
0.735000 -0.196735 
0.740000 -0.232219 
0.745000 -0.266295 
0.750000 -0.276203 
0.755000 -0.283348 
0.760000 -0.290072 
0.765000 -0.297807 
0.770000 -0.318001 
0.775000 -0.314600 
0.780000 -0.295066 
0.785000 -0.296814 
0.790000 -0.277813 
0.795000 -0.269451 
0.800000 -0.261920 
0.805000 -0.267951 
0.810000 -0.260615 
0.815000 -0.255613 
0.820000 -0.250280 
0.825000 -0.249729 
0.830000 -0.240869 
0.835000 -0.241120 
0.840000 -0.227720 
0.845000 -0.215152 
0.850000 -0.208321 
0.855000 -0.201015 
0.860000 -0.196390 
0.865000 -0.181270 
0.870000 -0.172106 
0.875000 -0.170437 
0.880000 -0.152485 
0.885000 -0.155146 
0.890000 -0.148224 
0.895000 -0.144545 
0.900000 -0.149607 
0.905000 -0.150370 
0.910000 -0.151125 
0.915000 -0.148753 
0.920000 -0.145181 
0.925000 -0.145096 
0.930000 -0.132362 
0.935000 -0.104178 
0.940000 -0.072486 
0.945000 -0.060896 
0.950000 -0.020029 
0.955000 0.019163 
0.960000 0.074101 
0.965000 0.086363 
0.970000 0.129216 
0.975000 0.140071 
0.980000 0.154212 
0.985000 0.181074 
0.990000 0.181846 
0.995000 0.166901 
1.000000 0.158483 
1.005000 0.167034 
1.010000 0.188290 
1.015000 0.224691 
1.020000 0.247938 
1.025000 0.266714 
1.030000 0.307558 
1.035000 0.318680 
1.040000 0.344506 
1.045000 0.360352 
1.050000 0.362692 
1.055000 0.388514 
1.060000 0.385153 
1.065000 0.381107 
1.070000 0.377040 
1.075000 0.370928 
1.080000 0.363700 
1.085000 0.360379 
1.090000 0.350782 
1.095000 0.326193 
1.100000 0.325211 
1.105000 0.319661 
1.110000 0.309199 
1.115000 0.313166 
1.120000 0.311240 
1.125000 0.312288 
1.130000 0.301311 
1.135000 0.294218 
1.140000 0.286482 
1.145000 0.284489 
1.150000 0.279144 
1.155000 0.287613 
1.160000 0.276522 
1.165000 0.287364 
1.170000 0.278301 
1.175000 0.282736 
1.180000 0.282485 
1.185000 0.288525 
1.190000 0.295069 
1.195000 0.305576 
1.200000 0.312522 
1.205000 0.307349 
1.210000 0.300140 
1.215000 0.305885 
1.220000 0.309735 
1.225000 0.313440 
1.230000 0.319634 
1.235000 0.337784 
1.240000 0.345469 
1.245000 0.363689 
1.250000 0.361361 
1.255000 0.374490 
1.260000 0.381717 
1.265000 0.392341 
1.270000 0.398836 
1.275000 0.422943 
1.280000 0.428938 
1.285000 0.437404 
1.290000 0.454987 
1.295000 0.462365 
1.300000 0.466869 
1.305000 0.476443 
1.310000 0.482563 
1.315000 0.480531 
1.320000 0.482420 
1.325000 0.498896 
1.330000 0.503825 
1.335000 0.502691 
1.340000 0.509818 
1.345000 0.521398 
1.350000 0.543469 
1.355000 0.545450 
1.360000 0.552444 
1.365000 0.559623 
1.370000 0.562503 
1.375000 0.574805 
1.380000 0.578435 
1.385000 0.586829 
1.390000 0.585990 
1.395000 0.596273 
1.400000 0.594825 
1.405000 0.595785 
1.410000 0.605519 
1.415000 0.612908 
1.420000 0.610395 
1.425000 0.614573 
1.430000 0.625736 
1.435000 0.623849 
1.440000 0.621300 
1.445000 0.627745 
1.450000 0.617772 
1.455000 0.617124 
1.460000 0.607853 
1.465000 0.611794 
1.470000 0.613103 
1.475000 0.612800 
1.480000 0.612785 
1.485000 0.615117 
1.490000 0.625782 
1.495000 0.622511 
1.500000 0.628465 
1.505000 0.637898 
1.510000 0.644807 
1.515000 0.649576 
1.520000 0.661445 
1.525000 0.658458 
1.530000 0.655877 
1.535000 0.664143 
1.540000 0.664014 
1.545000 0.665417 
1.550000 0.662401 
1.555000 0.661347 
1.560000 0.663165 
1.565000 0.666239 
1.570000 0.672038 
1.575000 0.684111 
1.580000 0.682058 
1.585000 0.680939 
1.590000 0.678573 
1.595000 0.687545 
1.600000 0.690574 
1.605000 0.690669 
1.610000 0.681013 
1.615000 0.687008 
1.620000 0.693569 
1.625000 0.694304 
1.630000 0.700646 
1.635000 0.716864 
1.640000 0.726720 
1.645000 0.737564 
1.650000 0.743263 
1.655000 0.741806 
1.660000 0.738551 
1.665000 0.735853 
1.670000 0.734175 
1.675000 0.726920 
1.680000 0.729495 
1.685000 0.727090 
1.690000 0.726446 
1.695000 0.724838 
1.700000 0.719602 
1.705000 0.717431 
1.710000 0.726199 
1.715000 0.727108 
1.720000 0.727791 
1.725000 0.734406 
1.730000 0.727755 
1.735000 0.739574 
1.740000 0.742126 
1.745000 0.742416 
1.750000 0.740097 
1.755000 0.747991 
1.760000 0.754409 
1.765000 0.759100 
1.770000 0.755440 
1.775000 0.759825 
1.780000 0.753623 
1.785000 0.755299 
1.790000 0.761210 
1.795000 0.766467 
1.800000 0.767229 
1.805000 0.773357 
1.810000 0.774185 
1.815000 0.778733 
1.820000 0.788419 
1.825000 0.791345 
1.830000 0.791307 
1.835000 0.796918 
1.840000 0.795694 
1.845000 0.797938 
1.850000 0.802312 
1.855000 0.806534 
1.860000 0.807248 
1.865000 0.807973 
1.870000 0.812124 
1.875000 0.812226 
1.880000 0.810665 
1.885000 0.809248 
1.890000 0.799344 
1.895000 0.799261 
1.900000 0.801145 
1.905000 0.801556 
1.910000 0.799763 
1.915000 0.802975 
1.920000 0.787253 
1.925000 0.791174 
1.930000 0.797081 
1.935000 0.792204 
1.940000 0.787402 
1.945000 0.781728 
1.950000 0.790039 
1.955000 0.797929 
1.960000 0.793138 
1.965000 0.797041 
1.970000 0.806064 
1.975000 0.802519 
1.980000 0.803988 
1.985000 0.804259 
1.990000 0.805422 
1.995000 0.810541 
2.000000 0.806244 
2.005000 0.803440 
2.010000 0.803327 
2.015000 0.815866 
2.020000 0.818202 
2.025000 0.818516 
2.030000 0.812286 
2.035000 0.813415 
2.040000 0.813251 
2.045000 0.817679 
2.050000 0.803635 
2.055000 0.809401 
2.060000 0.815463 
2.065000 0.804756 
2.070000 0.805048 
2.075000 0.808754 
2.080000 0.808255 
2.085000 0.814607 
2.090000 0.810046 
2.095000 0.814621 
2.100000 0.814015 
2.105000 0.818154 
2.110000 0.815627 
2.115000 0.808322 
2.120000 0.805653 
2.125000 0.810284 
2.130000 0.819415 
2.135000 0.818015 
2.140000 0.819086 
2.145000 0.823874 
2.150000 0.829733 
2.155000 0.824219 
2.160000 0.831221 
2.165000 0.819597 
2.170000 0.811984 
2.175000 0.810935 
2.180000 0.810477 
2.185000 0.817347 
2.190000 0.812946 
2.195000 0.811303 
2.200000 0.806254 
2.205000 0.804925 
2.210000 0.803784 
2.215000 0.808674 
2.220000 0.810511 
2.225000 0.812073 
2.230000 0.820879 
2.235000 0.825067 
2.240000 0.820292 
2.245000 0.831951 
2.250000 0.827672 
2.255000 0.827053 
2.260000 0.826479 
2.265000 0.825924 
2.270000 0.835687 
2.275000 0.834127 
2.280000 0.834520 
2.285000 0.834809 
2.290000 0.830685 
2.295000 0.828944 
2.300000 0.824603 
2.305000 0.830639 
2.310000 0.835364 
2.315000 0.840826 
2.320000 0.838481 
2.325000 0.837059 
2.330000 0.841723 
2.335000 0.829808 
2.340000 0.833677 
2.345000 0.835763 
2.350000 0.844300 
2.355000 0.841844 
2.360000 0.845021 
2.365000 0.844216 
2.370000 0.839068 
2.375000 0.848062 
2.380000 0.847043 
2.385000 0.840710 
2.390000 0.842012 
2.395000 0.851486 
2.400000 0.842815 
2.405000 0.843275 
2.410000 0.846723 
2.415000 0.846907 
2.420000 0.847847 
2.425000 0.844975 
2.430000 0.844057 
2.435000 0.841510 
2.440000 0.843625 
2.445000 0.844759 
2.450000 0.840389 
2.455000 0.842041 
2.460000 0.844693 
2.465000 0.849137 
2.470000 0.845925 
2.475000 0.846203 
2.480000 0.831837 
2.485000 0.836594 
2.490000 0.842800 
2.495000 0.840014 
2.500000 0.844772 
2.505000 0.855955 
2.510000 0.857809 
2.515000 0.864900 
2.520000 0.870793 
2.525000 0.864249 
2.530000 0.865236 
2.535000 0.864775 
2.540000 0.867645 
2.545000 0.864702 
2.550000 0.873708 
2.555000 0.874805 
2.560000 0.871392 
2.565000 0.867657 
2.570000 0.869632 
2.575000 0.870395 
2.580000 0.861513 
2.585000 0.859108 
2.590000 0.862090 
2.595000 0.869458 
2.600000 0.877105 
2.605000 0.873681 
2.610000 0.870135 
2.615000 0.876323 
2.620000 0.867185 
2.625000 0.867294 
2.630000 0.858167 
2.635000 0.853756 
2.640000 0.857853 
2.645000 0.862407 
2.650000 0.858346 
2.655000 0.853806 
2.660000 0.864733 
2.665000 0.866245 
2.670000 0.864881 
2.675000 0.862624 
2.680000 0.863958 
2.685000 0.862276 
2.690000 0.865116 
2.695000 0.865339 
2.700000 0.867549 
2.705000 0.869010 
2.710000 0.874061 
2.715000 0.876204 
2.720000 0.877579 
2.725000 0.882328 
2.730000 0.881297 
2.735000 0.890586 
2.740000 0.895705 
2.745000 0.897042 
2.750000 0.906784 
2.755000 0.906576 
2.760000 0.903002 
2.765000 0.912547 
2.770000 0.907811 
2.775000 0.915477 
2.780000 0.912771 
2.785000 0.916457 
2.790000 0.914458 
2.795000 0.915471 
2.800000 0.914152 
2.805000 0.913543 
2.810000 0.911363 
2.815000 0.912199 
2.820000 0.912462 
2.825000 0.911900 
2.830000 0.916460 
2.835000 0.914743 
2.840000 0.916542 
2.845000 0.912815 
2.850000 0.904857 
2.855000 0.899111 
2.860000 0.906893 
2.865000 0.899530 
2.870000 0.899656 
2.875000 0.901524 
2.880000 0.895003 
2.885000 0.895069 
2.890000 0.891888 
2.895000 0.893787 
2.900000 0.906168 
2.905000 0.904553 
2.910000 0.904011 
2.915000 0.900342 
2.920000 0.907018 
2.925000 0.917961 
2.930000 0.923372 
2.935000 0.921572 
2.940000 0.917797 
2.945000 0.916499 
2.950000 0.910690 
2.955000 0.911030 
2.960000 0.919793 
2.965000 0.923864 
2.970000 0.926537 
2.975000 0.931799 
2.980000 0.927683 
2.985000 0.921044 
2.990000 0.923956 
2.995000 0.922860 
3.000000 0.925022 
3.005000 0.922859 
3.010000 0.921193 
3.015000 0.925100 
3.020000 0.913909 
3.025000 0.909671 
3.030000 0.914129 
3.035000 0.908391 
3.040000 0.906383 
3.045000 0.911127 
3.050000 0.919564 
3.055000 0.916471 
3.060000 0.914581 
3.065000 0.913074 
3.070000 0.914916 
3.075000 0.916333 
3.080000 0.921594 
3.085000 0.911994 
3.090000 0.916677 
3.095000 0.918481 
3.100000 0.918512 
3.105000 0.920946 
3.110000 0.922804 
3.115000 0.919917 
3.120000 0.919278 
3.125000 0.911543 
3.130000 0.908772 
3.135000 0.915708 
3.140000 0.908201 
3.145000 0.908481 
3.150000 0.911730 
3.155000 0.908239 
3.160000 0.908078 
3.165000 0.915531 
3.170000 0.914533 
3.175000 0.917703 
3.180000 0.917150 
3.185000 0.916008 
3.190000 0.919254 
3.195000 0.918424 
3.200000 0.925503 
3.205000 0.932386 
3.210000 0.928873 
3.215000 0.929091 
3.220000 0.932970 
3.225000 0.932812 
3.230000 0.934562 
3.235000 0.934066 
3.240000 0.932009 
3.245000 0.930414 
3.250000 0.926929 
3.255000 0.926950 
3.260000 0.926834 
3.265000 0.930414 
3.270000 0.932393 
3.275000 0.933467 
3.280000 0.934727 
3.285000 0.932327 
3.290000 0.932791 
3.295000 0.929244 
3.300000 0.928087 
3.305000 0.932497 
3.310000 0.925628 
3.315000 0.918654 
3.320000 0.918976 
3.325000 0.916064 
3.330000 0.916769 
3.335000 0.918269 
3.340000 0.914602 
3.345000 0.915158 
3.350000 0.908472 
3.355000 0.907969 
3.360000 0.911783 
3.365000 0.908502 
3.370000 0.908390 
3.375000 0.914600 
3.380000 0.908889 
3.385000 0.911180 
3.390000 0.919150 
3.395000 0.919254 
3.400000 0.922926 
3.405000 0.920565 
3.410000 0.918297 
3.415000 0.918560 
3.420000 0.917298 
3.425000 0.912802 
3.430000 0.921369 
3.435000 0.917106 
3.440000 0.914358 
3.445000 0.912674 
3.450000 0.914581 
3.455000 0.920599 
3.460000 0.924912 
3.465000 0.911669 
3.470000 0.906020 
3.475000 0.908446 
3.480000 0.918819 
3.485000 0.909614 
3.490000 0.914397 
3.495000 0.920849 
3.500000 0.921652 
3.505000 0.923342 
3.510000 0.925394 
3.515000 0.923092 
3.520000 0.924024 
3.525000 0.921912 
3.530000 0.924225 
3.535000 0.928007 
3.540000 0.925455 
3.545000 0.918935 
3.550000 0.924310 
3.555000 0.911292 
3.560000 0.910313 
3.565000 0.917090 
3.570000 0.917110 
3.575000 0.920641 
3.580000 0.923522 
3.585000 0.917105 
3.590000 0.907694 
3.595000 0.899901 
3.600000 0.904757 
3.605000 0.904424 
3.610000 0.903639 
3.615000 0.894019 
3.620000 0.892292 
3.625000 0.894708 
3.630000 0.895966 
3.635000 0.901533 
3.640000 0.900655 
3.645000 0.898393 
3.650000 0.906220 
3.655000 0.901118 
3.660000 0.910895 
3.665000 0.912765 
3.670000 0.916042 
3.675000 0.914727 
3.680000 0.917649 
3.685000 0.911078 
3.690000 0.913031 
3.695000 0.917822 
3.700000 0.916781 
3.705000 0.913281 
3.710000 0.913149 
3.715000 0.914994 
3.720000 0.912472 
3.725000 0.915286 
3.730000 0.907665 
3.735000 0.915993 
3.740000 0.913507 
3.745000 0.912816 
3.750000 0.903375 
3.755000 0.906004 
3.760000 0.907335 
3.765000 0.897623 
3.770000 0.896305 
3.775000 0.892296 
3.780000 0.882701 
3.785000 0.882240 
3.790000 0.877487 
3.795000 0.876682 
3.800000 0.876183 
3.805000 0.870052 
3.810000 0.869548 
3.815000 0.868520 
3.820000 0.865732 
3.825000 0.863121 
3.830000 0.865678 
3.835000 0.864577 
3.840000 0.865480 
3.845000 0.867171 
3.850000 0.860616 
3.855000 0.858745 
3.860000 0.857036 
3.865000 0.856553 
3.870000 0.861031 
3.875000 0.856198 
3.880000 0.862643 
3.885000 0.866403 
3.890000 0.873226 
3.895000 0.874147 
3.900000 0.870332 
3.905000 0.871562 
3.910000 0.875477 
3.915000 0.870657 
3.920000 0.864811 
3.925000 0.861450 
3.930000 0.861280 
3.935000 0.869834 
3.940000 0.867481 
3.945000 0.863777 
3.950000 0.870870 
3.955000 0.867719 
3.960000 0.871340 
3.965000 0.868978 
3.970000 0.867821 
3.975000 0.864663 
3.980000 0.865451 
3.985000 0.870258 
3.990000 0.868222 
3.995000 0.864374 
4.000000 0.854096 
4.005000 0.850241 
4.010000 0.843468 
4.015000 0.839814 
4.020000 0.833400 
4.025000 0.839314 
4.030000 0.834767 
4.035000 0.845142 
4.040000 0.844251 
4.045000 0.841820 
4.050000 0.845170 
4.055000 0.841032 
4.060000 0.840948 
4.065000 0.844998 
4.070000 0.844423 
4.075000 0.840292 
4.080000 0.842224 
4.085000 0.842410 
4.090000 0.846772 
4.095000 0.847945 
4.100000 0.847358 
4.105000 0.845473 
4.110000 0.842870 
4.115000 0.851474 
4.120000 0.843965 
4.125000 0.845052 
4.130000 0.849153 
4.135000 0.846201 
4.140000 0.835281 
4.145000 0.843460 
4.150000 0.845669 
4.155000 0.841736 
4.160000 0.844324 
4.165000 0.835482 
4.170000 0.831649 
4.175000 0.828109 
4.180000 0.837276 
4.185000 0.836665 
4.190000 0.838486 
4.195000 0.842304 
4.200000 0.837088 
4.205000 0.828092 
4.210000 0.826914 
4.215000 0.829556 
4.220000 0.832010 
4.225000 0.841298 
4.230000 0.837767 
4.235000 0.833025 
4.240000 0.830027 
4.245000 0.831354 
4.250000 0.828463 
4.255000 0.824998 
4.260000 0.829944 
4.265000 0.828133 
4.270000 0.817743 
4.275000 0.808202 
4.280000 0.815136 
4.285000 0.812304 
4.290000 0.813100 
4.295000 0.809665 
4.300000 0.805026 
4.305000 0.809467 
4.310000 0.807827 
4.315000 0.808735 
4.320000 0.810981 
4.325000 0.807998 
4.330000 0.808033 
4.335000 0.798510 
4.340000 0.808239 
4.345000 0.818724 
4.350000 0.823056 
4.355000 0.828470 
4.360000 0.828325 
4.365000 0.819636 
4.370000 0.818680 
4.375000 0.820532 
4.380000 0.817722 
4.385000 0.814221 
4.390000 0.813519 
4.395000 0.813701 
4.400000 0.811461 
4.405000 0.816302 
4.410000 0.810325 
4.415000 0.811435 
4.420000 0.812410 
4.425000 0.814784 
4.430000 0.809077 
4.435000 0.813438 
4.440000 0.810700 
4.445000 0.807422 
4.450000 0.816645 
4.455000 0.809346 
4.460000 0.804552 
4.465000 0.816308 
4.470000 0.810974 
4.475000 0.809997 
4.480000 0.807682 
4.485000 0.813468 
4.490000 0.813210 
4.495000 0.812217 
4.500000 0.799679 
4.505000 0.798207 
4.510000 0.799015 
4.515000 0.807477 
4.520000 0.807456 
4.525000 0.809883 
4.530000 0.803323 
4.535000 0.801536 
4.540000 0.803204 
4.545000 0.796064 
4.550000 0.794720 
4.555000 0.799543 
4.560000 0.791550 
4.565000 0.785256 
4.570000 0.792359 
4.575000 0.793141 
4.580000 0.798615 
4.585000 0.787190 
4.590000 0.785873 
4.595000 0.797424 
4.600000 0.802648 
4.605000 0.799376 
4.610000 0.799815 
4.615000 0.797659 
4.620000 0.800153 
4.625000 0.810694 
4.630000 0.815364 
4.635000 0.815165 
4.640000 0.812111 
4.645000 0.810532 
4.650000 0.812535 
4.655000 0.811422 
4.660000 0.806784 
4.665000 0.804129 
4.670000 0.795018 
4.675000 0.794008 
4.680000 0.787574 
4.685000 0.786884 
4.690000 0.777497 
4.695000 0.775454 
4.700000 0.769236 
4.705000 0.774505 
4.710000 0.770855 
4.715000 0.764593 
4.720000 0.765375 
4.725000 0.765150 
4.730000 0.761673 
4.735000 0.761134 
4.740000 0.759039 
4.745000 0.760260 
4.750000 0.764854 
4.755000 0.752553 
4.760000 0.740723 
4.765000 0.736370 
4.770000 0.739757 
4.775000 0.736483 
4.780000 0.724461 
4.785000 0.728339 
4.790000 0.724270 
4.795000 0.729059 
4.800000 0.725848 
4.805000 0.717508 
4.810000 0.720597 
4.815000 0.726595 
4.820000 0.731773 
4.825000 0.729809 
4.830000 0.721792 
4.835000 0.729490 
4.840000 0.733948 
4.845000 0.733967 
4.850000 0.735215 
4.855000 0.741310 
4.860000 0.742906 
4.865000 0.740564 
4.870000 0.728370 
4.875000 0.714843 
4.880000 0.702355 
4.885000 0.691502 
4.890000 0.691311 
4.895000 0.684173 
4.900000 0.681756 
4.905000 0.690271 
4.910000 0.692935 
4.915000 0.691407 
4.920000 0.684937 
4.925000 0.685173 
4.930000 0.689603 
4.935000 0.681979 
4.940000 0.671781 
4.945000 0.662994 
4.950000 0.659017 
4.955000 0.662496 
4.960000 0.663248 
4.965000 0.664704 
4.970000 0.663625 
4.975000 0.665235 
4.980000 0.657221 
4.985000 0.661789 
4.990000 0.660240 
4.995000 0.652722 
5.000000 0.645873 
5.005000 0.637179 
5.010000 0.629225 
5.015000 0.624363 
5.020000 0.624503 
5.025000 0.614164 
5.030000 0.618209 
5.035000 0.620306 
5.040000 0.615848 
5.045000 0.616516 
5.050000 0.613322 
5.055000 0.615400 
5.060000 0.625774 
5.065000 0.631735 
5.070000 0.636362 
5.075000 0.633637 
5.080000 0.633835 
5.085000 0.623801 
5.090000 0.620371 
5.095000 0.617055 
5.100000 0.606793 
5.105000 0.594477 
5.110000 0.590600 
5.115000 0.591050 
5.120000 0.582216 
5.125000 0.578152 
5.130000 0.585543 
5.135000 0.584786 
5.140000 0.574977 
5.145000 0.587650 
5.150000 0.571898 
5.155000 0.563251 
5.160000 0.557690 
5.165000 0.542638 
5.170000 0.532451 
5.175000 0.523553 
5.180000 0.523826 
5.185000 0.519700 
5.190000 0.495540 
5.195000 0.496259 
5.200000 0.495401 
5.205000 0.485874 
5.210000 0.488858 
5.215000 0.471708 
5.220000 0.475066 
5.225000 0.458946 
5.230000 0.445508 
5.235000 0.442827 
5.240000 0.417526 
5.245000 0.412906 
5.250000 0.404596 
5.255000 0.396783 
5.260000 0.386003 
5.265000 0.377258 
5.270000 0.371467 
5.275000 0.367487 
5.280000 0.340165 
5.285000 0.340029 
5.290000 0.336297 
5.295000 0.338684 
5.300000 0.331439 
5.305000 0.334153 
5.310000 0.330473 
5.315000 0.330347 
5.320000 0.323132 
5.325000 0.318330 
5.330000 0.319301 
5.335000 0.323849 
5.340000 0.324598 
5.345000 0.321230 
5.350000 0.318222 
5.355000 0.323091 
5.360000 0.328565 
5.365000 0.333449 
5.370000 0.333716 
5.375000 0.342765 
5.380000 0.349408 
5.385000 0.351189 
5.390000 0.349862 
5.395000 0.365059 
5.400000 0.359047 
5.405000 0.359080 
5.410000 0.364776 
5.415000 0.369570 
5.420000 0.378872 
5.425000 0.389536 
5.430000 0.409545 
5.435000 0.409582 
5.440000 0.409731 
5.445000 0.408062 
5.450000 0.422303 
5.455000 0.420892 
5.460000 0.402827 
5.465000 0.398663 
5.470000 0.389274 
5.475000 0.365388 
5.480000 0.349231 
5.485000 0.305814 
5.490000 0.273448 
5.495000 0.266394 
5.500000 0.233530 
5.505000 0.217114 
5.510000 0.221255 
5.515000 0.214928 
5.520000 0.236510 
5.525000 0.231488 
5.530000 0.203430 
5.535000 0.187405 
5.540000 0.183490 
5.545000 0.146039 
5.550000 0.121640 
5.555000 0.071786 
5.560000 0.038059 
5.565000 0.023015 
5.570000 0.011432 
5.575000 -0.013039 
5.580000 -0.030493 
5.585000 -0.030147 
5.590000 -0.031383 
5.595000 -0.041758 
5.600000 -0.026536 
5.605000 -0.030212 
5.610000 -0.038671 
5.615000 -0.045248 
5.620000 -0.046863 
5.625000 -0.044420 
5.630000 -0.050788 
5.635000 -0.059445 
5.640000 -0.067337 
5.645000 -0.074633 
5.650000 -0.078497 
5.655000 -0.075506 
5.660000 -0.084776 
5.665000 -0.092087 
5.670000 -0.091742 
5.675000 -0.108126 
5.680000 -0.125084 
5.685000 -0.127855 
5.690000 -0.127741 
5.695000 -0.124008 
5.700000 -0.122432 
5.705000 -0.126495 
5.710000 -0.132870 
5.715000 -0.132387 
5.720000 -0.145070 
5.725000 -0.153084 
5.730000 -0.162991 
5.735000 -0.164059 
5.740000 -0.163121 
5.745000 -0.171331 
5.750000 -0.159647 
5.755000 -0.135067 
5.760000 -0.148614 
5.765000 -0.153274 
5.770000 -0.115157 
5.775000 -0.079750 
5.780000 -0.024552 
5.785000 0.008480 
5.790000 0.048252 
5.795000 0.095356 
5.800000 0.181101 
5.805000 0.233905 
5.810000 0.240824 
5.815000 0.258073 
5.820000 0.299353 
5.825000 0.339521 
5.830000 0.344387 
5.835000 0.275469 
5.840000 0.276407 
5.845000 0.230291 
5.850000 0.159853 
5.855000 0.034631 
5.860000 -0.071767 
5.865000 -0.188713 
5.870000 -0.286304 
5.875000 -0.315355 
5.880000 -0.288537 
5.885000 -0.314477 
5.890000 -0.327241 
5.895000 -0.326549 
5.900000 -0.286241 
5.905000 -0.258134 
5.910000 -0.254972 
5.915000 -0.264152 
5.920000 -0.235914 
5.925000 -0.240853 
5.930000 -0.247968 
5.935000 -0.280519 
5.940000 -0.296589 
5.945000 -0.335168 
5.950000 -0.324502 
5.955000 -0.332179 
5.960000 -0.362937 
5.965000 -0.388537 
5.970000 -0.401166 
5.975000 -0.414725 
5.980000 -0.407473 
5.985000 -0.469331 
5.990000 -0.466111 
5.995000 -0.501932 
6.000000 -0.504950 
6.005000 -0.494572 
6.010000 -0.503502 
6.015000 -0.517100 
6.020000 -0.530218 
6.025000 -0.539998 
6.030000 -0.538961 
6.035000 -0.533511 
6.040000 -0.529357 
6.045000 -0.437178 
6.050000 -0.478995 
6.055000 -0.447211 
6.060000 -0.436874 
6.065000 -0.367545 
6.070000 -0.322001 
6.075000 -0.341952 
6.080000 -0.347981 
6.085000 -0.385348 
6.090000 -0.378039 
6.095000 -0.372521 
6.100000 -0.383658 
6.105000 -0.461024 
6.110000 -0.472483 
6.115000 -0.559903 
6.120000 -0.615679 
6.125000 -0.668331 
6.130000 -0.525206 
6.135000 -0.315257 
6.140000 -0.124902 
6.145000 0.007969 
6.150000 0.068079 
6.155000 0.055109 
6.160000 -0.039389 
6.165000 -0.147360 
6.170000 -0.026680 
6.175000 -0.033483 
6.180000 -0.167683 
6.185000 -0.264031 
6.190000 -0.370732 
6.195000 -0.619944 
6.200000 -0.910136 
6.205000 -0.802853 
6.210000 -0.605136 
6.215000 -0.553685 
6.220000 -0.488968 
6.225000 -0.483823 
6.230000 -0.495295 
6.235000 -0.542526 
6.240000 -0.520397 
6.245000 -0.480617 
6.250000 -0.519401 
6.255000 -0.535875 
6.260000 -0.595841 
6.265000 -0.480458 
6.270000 -0.670780 
6.275000 -0.722174 
6.280000 -0.819629 
6.285000 -0.705859 
6.290000 -0.633610 
6.295000 -0.643335 
6.300000 -0.713415 
6.305000 -0.745827 
6.310000 -0.749085 
6.315000 -0.767802 
6.320000 -0.748353 
6.325000 -0.754615 
6.330000 -0.794365 
6.335000 -0.786760 
6.340000 -0.807182 
6.345000 -0.937994 
6.350000 -1.029406 
6.355000 -1.032128 
6.360000 -1.083137 
6.365000 -1.010715 
6.370000 -1.119350 
6.375000 -1.403796 
6.380000 -1.059956 
6.385000 -1.320877 
6.390000 -1.048994 
6.395000 -1.164015 
6.400000 -1.083493 
6.405000 -1.465418 
6.410000 -1.445005 
6.415000 -1.456603 
6.420000 -1.183048 
6.425000 -1.426702 
6.430000 -1.435262 
6.435000 -1.407390 
6.440000 -1.441111 
6.445000 -1.468945 
6.450000 -1.123370 
6.455000 -1.504000 
6.460000 -1.393270 
6.465000 -1.534503 
6.470000 -1.524151 
6.475000 -1.500612 
6.480000 -1.460392 
6.485000 -1.438093 
6.490000 -1.459202 
6.495000 -1.460854 
6.500000 -1.455219 
6.505000 -1.459558 
6.510000 -1.453970 
6.515000 -1.442992 
6.520000 -1.425914 
6.525000 -1.433276 
6.530000 -1.413576 
6.535000 -1.409270 
6.540000 -1.399807 
6.545000 -1.407182 
6.550000 -1.407173 
6.555000 -1.412629 
6.560000 -1.410718 
6.565000 -1.369100 
6.570000 -1.001627 
6.575000 -1.280098 
6.580000 -1.320772 
6.585000 -1.312202 
6.590000 -1.243091 
6.595000 -0.935433 
6.600000 -1.310552 
6.605000 -1.299998 
6.610000 -1.276085 
6.615000 -1.291948 
6.620000 -1.261328 
6.625000 -1.268356 
6.630000 -1.254266 
6.635000 -0.937721 
6.640000 -0.855763 
6.645000 -0.851038 
6.650000 -0.854769 
6.655000 -0.848830 
6.660000 -0.889589 
6.665000 -0.786038 
6.670000 -0.781281 
6.675000 -0.770490 
6.680000 -0.754008 
6.685000 -0.733809 
6.690000 -0.725307 
6.695000 -0.716596 
6.700000 -0.529748 
6.705000 -0.507791 
6.710000 -0.517483 
6.715000 -0.522488 
6.720000 -0.531097 
6.725000 -0.521758 
6.730000 -0.600287 
6.735000 -0.436322 
6.740000 -0.332515 
6.745000 -0.330062 
6.750000 -0.601450 
6.755000 -0.321540 
6.760000 -0.327504 
6.765000 -0.311560 
6.770000 -0.312245 
6.775000 -0.447580 
6.780000 -0.354439 
6.785000 -0.278439 
6.790000 -0.293015 
6.795000 -0.412003 
6.800000 -0.463772 
6.805000 -0.428640 
6.810000 -0.532045 
6.815000 -0.629014 
6.820000 -0.727391 
6.825000 -0.392220 
6.830000 -0.185953 
6.835000 -0.029390 
6.840000 -0.012289 
6.845000 0.062201 
6.850000 0.092920 
6.855000 -0.018034 
6.860000 0.069208 
6.865000 0.168190 
6.870000 0.154496 
6.875000 0.114273 
6.880000 0.053244 
6.885000 -0.152772 
6.890000 -0.318785 
6.895000 -0.410785 
6.900000 -0.362514 
6.905000 -0.272508 
6.910000 -0.226011 
6.915000 -0.187292 
6.920000 -0.177631 
6.925000 -0.156440 
6.930000 -0.114530 
6.935000 -0.103220 
6.940000 -0.141506 
6.945000 -0.131313 
6.950000 -0.134033 
6.955000 -0.163480 
6.960000 -0.181339 
6.965000 -0.198351 
6.970000 -0.185436 
6.975000 -0.201665 
6.980000 -0.208856 
6.985000 -0.210501 
6.990000 -0.216809 
6.995000 -0.264456 
7.000000 -0.244552 
7.005000 -0.225253 
7.010000 -0.244728 
7.015000 -0.212764 
7.020000 -0.192928 
7.025000 -0.227400 
7.030000 -0.185440 
7.035000 -0.183043 
7.040000 -0.172557 
7.045000 -0.148832 
7.050000 -0.139397 
7.055000 -0.097512 
7.060000 -0.104237 
7.065000 -0.087787 
7.070000 -0.075122 
7.075000 -0.053180 
7.080000 -0.042009 
7.085000 -0.020995 
7.090000 -0.003360 
7.095000 -0.029074 
7.100000 -0.030237 
7.105000 -0.009139 
7.110000 -0.010154 
7.115000 -0.009669 
7.120000 -0.019366 
7.125000 -0.043163 
7.130000 -0.073748 
7.135000 -0.084770 
7.140000 -0.055156 
7.145000 -0.087207 
7.150000 -0.030019 
7.155000 0.010503 
7.160000 0.094349 
7.165000 0.211848 
7.170000 0.313241 
7.175000 0.397059 
7.180000 0.458152 
7.185000 0.469280 
7.190000 0.495041 
7.195000 0.499727 
7.200000 0.472581 
7.205000 0.477571 
7.210000 0.428786 
7.215000 0.407849 
7.220000 0.346754 
7.225000 0.281733 
7.230000 0.239043 
7.235000 0.213753 
7.240000 0.209927 
7.245000 0.199015 
7.250000 0.196225 
7.255000 0.188638 
7.260000 0.174296 
7.265000 0.184652 
7.270000 0.180505 
7.275000 0.170494 
7.280000 0.181092 
7.285000 0.182917 
7.290000 0.183525 
7.295000 0.178975 
7.300000 0.192356 
7.305000 0.182745 
7.310000 0.186067 
7.315000 0.186491 
7.320000 0.201972 
7.325000 0.187623 
7.330000 0.199739 
7.335000 0.205647 
7.340000 0.198688 
7.345000 0.204472 
7.350000 0.199483 
7.355000 0.199036 
7.360000 0.216976 
7.365000 0.238031 
7.370000 0.250906 
7.375000 0.252656 
7.380000 0.260770 
7.385000 0.272213 
7.390000 0.293459 
7.395000 0.295866 
7.400000 0.307680 
7.405000 0.308578 
7.410000 0.321005 
7.415000 0.333451 
7.420000 0.320296 
7.425000 0.308436 
7.430000 0.305067 
7.435000 0.299748 
7.440000 0.295584 
7.445000 0.304158 
7.450000 0.317985 
7.455000 0.345171 
7.460000 0.355663 
7.465000 0.378748 
7.470000 0.409674 
7.475000 0.436940 
7.480000 0.444756 
7.485000 0.455422 
7.490000 0.440764 
7.495000 0.432093 
7.500000 0.427278 
7.505000 0.414828 
